BoneCount: 67
RootBone: 0
BoneName: RootNode
BoneIndex: 0
BoneParentIndex: -1
BoneChildrenCount: 2
1
2
1.000000 0.000000 -0.000000 0.000000
0.000000 1.000000 -0.000000 0.000000
-0.000000 -0.000000 1.000000 -0.000000
0.000000 0.000000 -0.000000 1.000000
1.000000 0.000000 0.000000 0.000000
0.000000 1.000000 0.000000 0.000000
0.000000 0.000000 1.000000 0.000000
0.000000 0.000000 0.000000 1.000000
BoneName: Ch25
BoneIndex: 1
BoneParentIndex: 0
BoneChildrenCount: 0
1.000000 0.000000 -0.000000 0.000000
0.000000 1.000000 -0.000000 0.000000
-0.000000 -0.000000 1.000000 -0.000000
0.000000 0.000000 -0.000000 1.000000
1.000000 0.000000 0.000000 0.000000
0.000000 1.000000 0.000000 0.000000
0.000000 0.000000 1.000000 0.000000
0.000000 0.000000 0.000000 1.000000
BoneName: mixamorig:Hips
BoneIndex: 2
BoneParentIndex: 0
BoneChildrenCount: 3
3
57
62
1.000000 0.000000 -0.000000 0.000000
0.000000 1.000000 -0.000000 0.000000
-0.000000 -0.000000 1.000000 -0.000000
0.000000 0.971464 -0.068788 1.000000
1.000000 0.000000 -0.000000 0.000000
0.000000 1.000000 -0.000000 0.000000
-0.000000 -0.000000 1.000000 -0.000000
0.000000 -0.971464 0.068788 1.000000
BoneName: mixamorig:Spine
BoneIndex: 3
BoneParentIndex: 2
BoneChildrenCount: 1
4
1.000000 0.000000 -0.000000 0.000000
0.000000 0.983798 0.179283 0.000000
-0.000000 -0.179283 0.983798 -0.000000
0.000000 0.101985 0.018585 1.000000
1.000000 0.000000 -0.000000 0.000000
0.000000 0.983798 -0.179283 0.000000
-0.000000 0.179283 0.983798 -0.000000
0.000000 -1.047056 0.241841 1.000000
BoneName: mixamorig:Spine1
BoneIndex: 4
BoneParentIndex: 3
BoneChildrenCount: 1
5
1.000000 0.000000 -0.000000 0.000000
0.000000 1.000000 -0.000000 0.000000
-0.000000 -0.000000 1.000000 -0.000000
0.000000 0.120942 0.000000 1.000000
1.000000 0.000000 -0.000000 0.000000
0.000000 0.983798 -0.179283 0.000000
-0.000000 0.179283 0.983798 -0.000000
0.000000 -1.167998 0.241841 1.000000
BoneName: mixamorig:Spine2
BoneIndex: 5
BoneParentIndex: 4
BoneChildrenCount: 3
6
9
33
1.000000 0.000000 -0.000000 0.000000
0.000000 1.000000 -0.000000 0.000000
-0.000000 -0.000000 1.000000 -0.000000
0.000000 0.138219 -0.000000 1.000000
1.000000 0.000000 -0.000000 0.000000
0.000000 0.983798 -0.179283 0.000000
-0.000000 0.179283 0.983798 -0.000000
0.000000 -1.306217 0.241841 1.000000
BoneName: mixamorig:Neck
BoneIndex: 6
BoneParentIndex: 5
BoneChildrenCount: 1
7
1.000000 0.000000 -0.000000 0.000000
0.000000 0.983797 -0.179283 0.000000
-0.000000 0.179283 0.983797 -0.000000
0.000000 0.155496 -0.000000 1.000000
1.000000 0.000000 -0.000000 0.000000
0.000000 1.000000 -0.000000 0.000000
-0.000000 -0.000000 1.000000 -0.000000
0.000000 -1.481388 -0.024138 1.000000
BoneName: mixamorig:Head
BoneIndex: 7
BoneParentIndex: 6
BoneChildrenCount: 1
8
1.000000 0.000000 -0.000000 0.000000
0.000000 1.000000 -0.000000 0.000000
-0.000000 -0.000000 1.000000 -0.000000
0.000000 0.088378 -0.045422 1.000000
1.000000 0.000000 -0.000000 0.000000
0.000000 1.000000 -0.000000 0.000000
-0.000000 -0.000000 1.000000 -0.000000
0.000000 -1.569766 0.021284 1.000000
BoneName: mixamorig:HeadTop_End
BoneIndex: 8
BoneParentIndex: 7
BoneChildrenCount: 0
1.000000 0.000000 -0.000000 0.000000
0.000000 1.000000 -0.000000 0.000000
-0.000000 -0.000000 1.000000 -0.000000
0.000000 0.188042 -0.096644 1.000000
1.000000 0.000000 0.000000 0.000000
0.000000 1.000000 0.000000 0.000000
0.000000 0.000000 1.000000 0.000000
0.000000 0.000000 0.000000 1.000000
BoneName: mixamorig:LeftShoulder
BoneIndex: 9
BoneParentIndex: 5
BoneChildrenCount: 1
10
-0.052008 -0.000792 0.998646 0.000000
0.960763 -0.272859 0.049818 0.000000
0.272450 0.962054 0.014952 -0.000000
0.070253 0.134871 0.003766 1.000000
-0.052008 0.960763 0.272450 0.000000
-0.179820 -0.277369 0.943785 0.000000
0.982324 0.000092 0.187190 -0.000000
0.242549 0.337578 -1.401984 1.000000
BoneName: mixamorig:LeftArm
BoneIndex: 10
BoneParentIndex: 9
BoneChildrenCount: 1
11
0.993899 -0.110299 0.000000 0.000000
0.109276 0.984683 0.135864 0.000000
-0.014986 -0.135035 0.990727 -0.000000
0.000000 0.147460 -0.000000 1.000000
-0.157661 0.977380 0.140964 0.000000
-0.148129 -0.164542 0.975184 0.000000
0.976320 0.132867 0.170721 -0.000000
0.220100 0.023227 -1.418291 1.000000
BoneName: mixamorig:LeftForeArm
BoneIndex: 11
BoneParentIndex: 10
BoneChildrenCount: 1
12
0.962626 0.270835 0.000000 0.000000
-0.269263 0.957039 0.107585 0.000000
0.029138 -0.103564 0.994196 -0.000000
0.000000 0.236239 -0.000000 1.000000
0.112939 0.993009 0.034334 0.000000
-0.187157 -0.012676 0.982248 0.000000
0.975816 -0.117360 0.184417 -0.000000
0.154183 -0.415706 -1.381587 1.000000
BoneName: mixamorig:LeftHand
BoneIndex: 12
BoneParentIndex: 11
BoneChildrenCount: 5
13
17
21
25
29
0.953782 -0.113674 0.278169 0.000000
0.159491 0.976043 -0.147998 0.000000
-0.254681 0.185523 0.949062 -0.000000
-0.000000 0.252312 -0.000000 1.000000
0.004391 0.982150 0.188046 0.000000
0.096165 -0.187591 0.977529 0.000000
0.995356 0.013791 -0.095272 -0.000000
-0.161321 -0.422955 -1.474412 1.000000
BoneName: mixamorig:LeftHandThumb1
BoneIndex: 13
BoneParentIndex: 12
BoneChildrenCount: 1
14
0.881641 0.471921 -0.000000 0.000000
-0.436118 0.814753 -0.382072 0.000000
-0.180308 0.336850 0.924133 -0.000000
-0.035403 0.035169 -0.019727 1.000000
0.467368 0.726448 0.503826 0.000000
-0.003746 -0.568266 0.822837 0.000000
0.884055 -0.386455 -0.262868 -0.000000
-0.327212 0.237452 -1.475936 1.000000
BoneName: mixamorig:LeftHandThumb2
BoneIndex: 14
BoneParentIndex: 13
BoneChildrenCount: 1
15
1.000000 0.000000 -0.000000 0.000000
0.000000 0.999335 0.036455 0.000000
-0.000000 -0.036455 0.999335 -0.000000
-0.011693 0.041305 0.000000 1.000000
0.467368 0.744332 0.477008 0.000000
-0.003746 -0.537891 0.843005 0.000000
0.884055 -0.395781 -0.248605 -0.000000
-0.315519 0.142211 -1.482106 1.000000
BoneName: mixamorig:LeftHandThumb3
BoneIndex: 15
BoneParentIndex: 14
BoneChildrenCount: 1
16
1.000000 0.000000 -0.000000 0.000000
0.000000 0.994862 0.101238 0.000000
-0.000000 -0.101238 0.994862 -0.000000
0.000784 0.041098 0.000000 1.000000
0.467368 0.788800 0.399202 0.000000
-0.003745 -0.449783 0.893130 0.000000
0.884055 -0.418916 -0.207260 -0.000000
-0.316303 -0.049452 -1.484728 1.000000
BoneName: mixamorig:LeftHandThumb4
BoneIndex: 16
BoneParentIndex: 15
BoneChildrenCount: 0
1.000000 0.000000 -0.000000 0.000000
0.000000 1.000000 -0.000000 0.000000
-0.000000 -0.000000 1.000000 -0.000000
0.010909 0.036987 0.000000 1.000000
1.000000 0.000000 0.000000 0.000000
0.000000 1.000000 0.000000 0.000000
0.000000 0.000000 1.000000 0.000000
0.000000 0.000000 0.000000 1.000000
BoneName: mixamorig:LeftHandIndex1
BoneIndex: 17
BoneParentIndex: 12
BoneChildrenCount: 1
18
0.984682 0.174357 -0.000000 0.000000
-0.173750 0.981253 -0.083383 0.000000
-0.014538 0.082105 0.996518 -0.000000
-0.041999 0.109750 0.000085 1.000000
0.175568 0.947296 0.267967 0.000000
0.061983 -0.282292 0.957324 0.000000
0.982514 -0.151466 -0.108278 -0.000000
-0.210374 -0.379038 -1.511365 1.000000
BoneName: mixamorig:LeftHandIndex2
BoneIndex: 18
BoneParentIndex: 17
BoneChildrenCount: 1
19
1.000000 0.000000 -0.000000 0.000000
0.000000 0.988393 -0.151920 0.000000
-0.000000 0.151920 0.988393 -0.000000
0.000099 0.040370 -0.000000 1.000000
0.175569 0.895590 0.408772 0.000000
0.061983 -0.424453 0.903326 0.000000
0.982514 -0.133259 -0.130032 -0.000000
-0.210473 -0.184930 -1.557539 1.000000
BoneName: mixamorig:LeftHandIndex3
BoneIndex: 19
BoneParentIndex: 18
BoneChildrenCount: 1
20
1.000000 0.000000 -0.000000 0.000000
0.000000 0.980627 0.195884 0.000000
-0.000000 -0.195884 0.980627 -0.000000
-0.000294 0.037892 -0.000000 1.000000
0.175568 0.958312 0.225419 0.000000
0.061984 -0.239281 0.968970 0.000000
0.982514 -0.156148 -0.101410 -0.000000
-0.210179 -0.523607 -1.483717 1.000000
BoneName: mixamorig:LeftHandIndex4
BoneIndex: 20
BoneParentIndex: 19
BoneChildrenCount: 0
1.000000 0.000000 -0.000000 0.000000
0.000000 1.000000 -0.000000 0.000000
-0.000000 -0.000000 1.000000 -0.000000
0.000195 0.034621 0.000000 1.000000
1.000000 0.000000 0.000000 0.000000
0.000000 1.000000 0.000000 0.000000
0.000000 0.000000 1.000000 0.000000
0.000000 0.000000 0.000000 1.000000
BoneName: mixamorig:LeftHandMiddle1
BoneIndex: 21
BoneParentIndex: 12
BoneChildrenCount: 1
22
0.989447 0.144895 -0.000000 0.000000
-0.144849 0.989135 -0.025112 0.000000
-0.003639 0.024847 0.999685 -0.000000
-0.014186 0.115862 0.001609 1.000000
0.146653 0.966121 0.212375 0.000000
0.067969 -0.224031 0.972209 0.000000
0.986850 -0.128143 -0.098521 -0.000000
-0.223655 -0.474582 -1.488409 1.000000
BoneName: mixamorig:LeftHandMiddle2
BoneIndex: 22
BoneParentIndex: 21
BoneChildrenCount: 1
23
1.000000 0.000000 -0.000000 0.000000
0.000000 0.981463 -0.191650 0.000000
-0.000000 0.191650 0.981463 -0.000000
0.000297 0.039121 -0.000000 1.000000
0.146653 0.907511 0.393595 0.000000
0.067969 -0.406202 0.911252 0.000000
0.986850 -0.106886 -0.121253 -0.000000
-0.223951 -0.218928 -1.559270 1.000000
BoneName: mixamorig:LeftHandMiddle3
BoneIndex: 23
BoneParentIndex: 22
BoneChildrenCount: 1
24
1.000000 0.000000 -0.000000 0.000000
0.000000 0.999689 0.024952 0.000000
-0.000000 -0.024952 0.999689 -0.000000
-0.000185 0.041062 0.000000 1.000000
0.146653 0.917048 0.370829 0.000000
0.067969 -0.383338 0.921103 0.000000
0.986850 -0.109878 -0.118548 -0.000000
-0.223766 -0.298814 -1.552297 1.000000
BoneName: mixamorig:LeftHandMiddle4
BoneIndex: 24
BoneParentIndex: 23
BoneChildrenCount: 0
1.000000 0.000000 -0.000000 0.000000
0.000000 1.000000 -0.000000 0.000000
-0.000000 -0.000000 1.000000 -0.000000
-0.000112 0.038035 0.000000 1.000000
1.000000 0.000000 0.000000 0.000000
0.000000 1.000000 0.000000 0.000000
0.000000 0.000000 1.000000 0.000000
0.000000 0.000000 0.000000 1.000000
BoneName: mixamorig:LeftHandRing1
BoneIndex: 25
BoneParentIndex: 12
BoneChildrenCount: 1
26
0.996372 0.085099 -0.000000 0.000000
-0.084953 0.994665 -0.058517 0.000000
-0.004980 0.058305 0.998286 -0.000000
0.016140 0.119237 0.002094 1.000000
0.087955 0.965534 0.244965 0.000000
0.079852 -0.251961 0.964437 0.000000
0.992919 -0.065266 -0.099261 -0.000000
-0.222957 -0.437823 -1.504704 1.000000
BoneName: mixamorig:LeftHandRing2
BoneIndex: 26
BoneParentIndex: 25
BoneChildrenCount: 1
27
1.000000 0.000000 -0.000000 0.000000
0.000000 0.954502 -0.298206 0.000000
-0.000000 0.298206 0.954502 -0.000000
0.000308 0.039090 -0.000000 1.000000
0.087955 0.848554 0.521747 0.000000
0.079852 -0.528098 0.845421 0.000000
0.992919 -0.032696 -0.114208 -0.000000
-0.223266 -0.006504 -1.578461 1.000000
BoneName: mixamorig:LeftHandRing3
BoneIndex: 27
BoneParentIndex: 26
BoneChildrenCount: 1
28
1.000000 0.000000 -0.000000 0.000000
0.000000 0.993058 0.117624 0.000000
-0.000000 -0.117624 0.993058 -0.000000
-0.000259 0.033606 -0.000000 1.000000
0.087955 0.904033 0.418315 0.000000
0.079852 -0.424990 0.901669 0.000000
0.992919 -0.045903 -0.109569 -0.000000
-0.223007 -0.225495 -1.562786 1.000000
BoneName: mixamorig:LeftHandRing4
BoneIndex: 28
BoneParentIndex: 27
BoneChildrenCount: 0
1.000000 0.000000 -0.000000 0.000000
0.000000 1.000000 -0.000000 0.000000
-0.000000 -0.000000 1.000000 -0.000000
-0.000049 0.031312 -0.000000 1.000000
1.000000 0.000000 0.000000 0.000000
0.000000 1.000000 0.000000 0.000000
0.000000 0.000000 1.000000 0.000000
0.000000 0.000000 0.000000 1.000000
BoneName: mixamorig:LeftHandPinky1
BoneIndex: 29
BoneParentIndex: 12
BoneChildrenCount: 1
30
0.996859 0.079197 0.000000 0.000000
-0.078922 0.993396 -0.083282 0.000000
-0.006596 0.083020 0.996526 -0.000000
0.040045 0.117155 -0.000252 1.000000
0.082160 0.959657 0.268902 0.000000
0.081006 -0.275351 0.957925 0.000000
0.993322 -0.056920 -0.100361 -0.000000
-0.243508 -0.397881 -1.512550 1.000000
BoneName: mixamorig:LeftHandPinky2
BoneIndex: 30
BoneParentIndex: 29
BoneChildrenCount: 1
31
1.000000 0.000000 -0.000000 0.000000
0.000000 0.940843 -0.338843 0.000000
-0.000000 0.338843 0.940843 -0.000000
0.000378 0.033489 0.000000 1.000000
0.082160 0.811772 0.578167 0.000000
0.081006 -0.583648 0.807956 0.000000
0.993322 -0.019547 -0.113711 -0.000000
-0.243887 0.106665 -1.569238 1.000000
BoneName: mixamorig:LeftHandPinky3
BoneIndex: 31
BoneParentIndex: 30
BoneChildrenCount: 1
32
1.000000 0.000000 -0.000000 0.000000
0.000000 0.990631 0.136566 0.000000
-0.000000 -0.136566 0.990631 -0.000000
-0.000279 0.027205 0.000000 1.000000
0.082160 0.883123 0.461890 0.000000
0.081006 -0.467841 0.880092 0.000000
0.993322 -0.034892 -0.109976 -0.000000
-0.243608 -0.135588 -1.565388 1.000000
BoneName: mixamorig:LeftHandPinky4
BoneIndex: 32
BoneParentIndex: 31
BoneChildrenCount: 0
1.000000 0.000000 -0.000000 0.000000
0.000000 1.000000 -0.000000 0.000000
-0.000000 -0.000000 1.000000 -0.000000
-0.000100 0.022889 -0.000000 1.000000
1.000000 0.000000 0.000000 0.000000
0.000000 1.000000 0.000000 0.000000
0.000000 0.000000 1.000000 0.000000
0.000000 0.000000 0.000000 1.000000
BoneName: mixamorig:RightShoulder
BoneIndex: 33
BoneParentIndex: 5
BoneChildrenCount: 1
34
-0.051820 0.000792 -0.998656 0.000000
-0.960763 -0.272892 0.049637 0.000000
-0.272486 0.962044 0.014902 -0.000000
-0.070253 0.134868 0.003752 1.000000
-0.051820 -0.960763 -0.272486 0.000000
0.179821 -0.277370 0.943785 0.000000
-0.982334 -0.000092 0.187139 -0.000000
-0.242551 0.337583 -1.401983 1.000000
BoneName: mixamorig:RightArm
BoneIndex: 34
BoneParentIndex: 33
BoneChildrenCount: 1
35
0.994420 0.105491 -0.000000 0.000000
-0.104524 0.985313 0.135029 0.000000
0.014244 -0.134275 0.990842 -0.000000
-0.000000 0.147460 -0.000000 1.000000
-0.152882 -0.978030 -0.141723 0.000000
0.149557 -0.164654 0.974947 0.000000
-0.976862 0.127856 0.171444 -0.000000
-0.221140 0.023376 -1.418126 1.000000
BoneName: mixamorig:RightForeArm
BoneIndex: 35
BoneParentIndex: 34
BoneChildrenCount: 1
36
0.965169 -0.261629 0.000000 0.000000
0.260066 0.959404 0.109127 0.000000
-0.028551 -0.105326 0.994028 -0.000000
-0.000000 0.236082 0.000000 1.000000
0.108324 -0.993551 -0.033498 0.000000
0.187426 -0.012681 0.982197 0.000000
-0.976288 -0.112674 0.184844 -0.000000
-0.157788 -0.416340 -1.380940 1.000000
BoneName: mixamorig:RightHand
BoneIndex: 36
BoneParentIndex: 35
BoneChildrenCount: 5
37
41
45
49
53
0.957021 0.109771 -0.268443 0.000000
-0.155640 0.975418 -0.156002 0.000000
0.244720 0.191078 0.950580 -0.000000
-0.000000 0.252174 0.000000 1.000000
0.003597 -0.980761 -0.195178 0.000000
-0.085685 -0.194764 0.977100 0.000000
-0.996316 0.013209 -0.084737 -0.000000
0.146315 -0.412094 -1.479045 1.000000
BoneName: mixamorig:RightHandThumb1
BoneIndex: 37
BoneParentIndex: 36
BoneChildrenCount: 1
38
0.886350 -0.463016 -0.000000 0.000000
0.426959 0.817325 -0.386893 0.000000
0.179138 0.342923 0.922125 -0.000000
0.034686 0.035264 -0.019853 1.000000
0.457296 -0.724551 -0.515660 0.000000
0.014232 -0.573804 0.818869 0.000000
-0.889200 -0.381805 -0.252086 -0.000000
0.306075 0.246576 -1.478969 1.000000
BoneName: mixamorig:RightHandThumb2
BoneIndex: 38
BoneParentIndex: 37
BoneChildrenCount: 1
39
1.000000 0.000000 -0.000000 0.000000
0.000000 0.998681 0.051340 0.000000
-0.000000 -0.051340 0.998681 -0.000000
0.011533 0.041050 0.000000 1.000000
0.457297 -0.750069 -0.477782 0.000000
0.014233 -0.531007 0.847248 0.000000
-0.889200 -0.394244 -0.232152 -0.000000
0.294542 0.129325 -1.487570 1.000000
BoneName: mixamorig:RightHandThumb3
BoneIndex: 39
BoneParentIndex: 38
BoneChildrenCount: 1
40
1.000000 0.000000 -0.000000 0.000000
0.000000 0.997423 0.071743 0.000000
-0.000000 -0.071743 0.997423 -0.000000
0.000157 0.042159 0.000000 1.000000
0.457297 -0.782414 -0.422739 0.000000
0.014232 -0.468854 0.883161 0.000000
-0.889200 -0.409883 -0.203270 -0.000000
0.294385 -0.019782 -1.489990 1.000000
BoneName: mixamorig:RightHandThumb4
BoneIndex: 40
BoneParentIndex: 39
BoneChildrenCount: 0
1.000000 0.000000 -0.000000 0.000000
0.000000 1.000000 -0.000000 0.000000
-0.000000 -0.000000 1.000000 -0.000000
-0.011690 0.037212 -0.000000 1.000000
1.000000 0.000000 0.000000 0.000000
0.000000 1.000000 0.000000 0.000000
0.000000 0.000000 1.000000 0.000000
0.000000 0.000000 0.000000 1.000000
BoneName: mixamorig:RightHandIndex1
BoneIndex: 41
BoneParentIndex: 36
BoneChildrenCount: 1
42
0.989138 -0.146991 0.000000 0.000000
0.146440 0.985431 -0.086493 0.000000
0.012714 0.085554 0.996252 -0.000000
0.043941 0.117373 -0.000014 1.000000
0.147720 -0.949065 -0.278308 0.000000
-0.056126 -0.288986 0.955687 0.000000
-0.987435 -0.125554 -0.095956 -0.000000
0.179088 -0.378837 -1.517484 1.000000
BoneName: mixamorig:RightHandIndex2
BoneIndex: 42
BoneParentIndex: 41
BoneChildrenCount: 1
43
1.000000 0.000000 -0.000000 0.000000
0.000000 0.987554 -0.157281 0.000000
-0.000000 0.157281 0.987554 -0.000000
-0.000082 0.035899 -0.000000 1.000000
0.147721 -0.893478 -0.424119 0.000000
-0.056125 -0.435706 0.898338 0.000000
-0.987435 -0.108900 -0.114509 -0.000000
0.179169 -0.170894 -1.563828 1.000000
BoneName: mixamorig:RightHandIndex3
BoneIndex: 43
BoneParentIndex: 42
BoneChildrenCount: 1
44
1.000000 0.000000 -0.000000 0.000000
0.000000 0.978010 0.208556 0.000000
-0.000000 -0.208556 0.978010 -0.000000
0.000269 0.034897 0.000000 1.000000
0.147721 -0.962284 -0.228449 0.000000
-0.056126 -0.238767 0.969454 0.000000
-0.987435 -0.130387 -0.089280 -0.000000
0.178901 -0.527417 -1.486519 1.000000
BoneName: mixamorig:RightHandIndex4
BoneIndex: 44
BoneParentIndex: 43
BoneChildrenCount: 0
1.000000 0.000000 -0.000000 0.000000
0.000000 1.000000 -0.000000 0.000000
-0.000000 -0.000000 1.000000 -0.000000
-0.000187 0.032294 0.000000 1.000000
1.000000 0.000000 0.000000 0.000000
0.000000 1.000000 0.000000 0.000000
0.000000 0.000000 1.000000 0.000000
0.000000 0.000000 0.000000 1.000000
BoneName: mixamorig:RightHandMiddle1
BoneIndex: 45
BoneParentIndex: 36
BoneChildrenCount: 1
46
0.989861 -0.142038 -0.000000 0.000000
0.141829 0.988403 -0.054266 0.000000
0.007708 0.053716 0.998527 -0.000000
0.013960 0.117626 0.002406 1.000000
0.142866 -0.958285 -0.247547 0.000000
-0.057152 -0.257683 0.964538 0.000000
-0.988091 -0.123652 -0.091582 -0.000000
0.206252 -0.424410 -1.506702 1.000000
BoneName: mixamorig:RightHandMiddle2
BoneIndex: 46
BoneParentIndex: 45
BoneChildrenCount: 1
47
1.000000 0.000000 -0.000000 0.000000
0.000000 0.987479 -0.157753 0.000000
-0.000000 0.157753 0.987479 -0.000000
-0.000271 0.041248 0.000000 1.000000
0.142866 -0.907236 -0.395617 0.000000
-0.057153 -0.406612 0.911811 0.000000
-0.988091 -0.107656 -0.109942 -0.000000
0.206523 -0.222146 -1.561295 1.000000
BoneName: mixamorig:RightHandMiddle3
BoneIndex: 47
BoneParentIndex: 46
BoneChildrenCount: 1
48
1.000000 0.000000 -0.000000 0.000000
0.000000 0.999993 -0.003709 0.000000
-0.000000 0.003709 0.999993 -0.000000
0.000135 0.039152 0.000000 1.000000
0.142866 -0.905759 -0.398985 0.000000
-0.057152 -0.409997 0.910294 0.000000
-0.988091 -0.107248 -0.110340 -0.000000
0.206388 -0.255495 -1.562254 1.000000
BoneName: mixamorig:RightHandMiddle4
BoneIndex: 48
BoneParentIndex: 47
BoneChildrenCount: 0
1.000000 0.000000 -0.000000 0.000000
0.000000 1.000000 -0.000000 0.000000
-0.000000 -0.000000 1.000000 -0.000000
0.000136 0.037103 -0.000000 1.000000
1.000000 0.000000 0.000000 0.000000
0.000000 1.000000 0.000000 0.000000
0.000000 0.000000 1.000000 0.000000
0.000000 0.000000 0.000000 1.000000
BoneName: mixamorig:RightHandRing1
BoneIndex: 49
BoneParentIndex: 36
BoneChildrenCount: 1
50
0.995598 -0.093726 0.000000 0.000000
0.093483 0.993019 -0.071935 0.000000
0.006742 0.071618 0.997409 -0.000000
-0.017434 0.120863 0.002613 1.000000
0.095504 -0.959538 -0.264890 0.000000
-0.067053 -0.271704 0.960042 0.000000
-0.993168 -0.073926 -0.090289 -0.000000
0.212979 -0.407343 -1.514884 1.000000
BoneName: mixamorig:RightHandRing2
BoneIndex: 50
BoneParentIndex: 49
BoneChildrenCount: 1
51
1.000000 0.000000 -0.000000 0.000000
0.000000 0.970471 -0.241218 0.000000
-0.000000 0.241218 0.970471 -0.000000
-0.000250 0.036494 -0.000000 1.000000
0.095504 -0.867306 -0.488527 0.000000
-0.067053 -0.495261 0.866152 0.000000
-0.993168 -0.049964 -0.105455 -0.000000
0.213229 -0.065313 -1.577213 1.000000
BoneName: mixamorig:RightHandRing3
BoneIndex: 51
BoneParentIndex: 50
BoneChildrenCount: 1
52
1.000000 0.000000 -0.000000 0.000000
0.000000 0.996139 0.087786 0.000000
-0.000000 -0.087786 0.996139 -0.000000
0.000210 0.034751 0.000000 1.000000
0.095504 -0.906844 -0.410504 0.000000
-0.067053 -0.417313 0.906286 0.000000
-0.993168 -0.059028 -0.100662 -0.000000
0.213019 -0.238135 -1.562340 1.000000
BoneName: mixamorig:RightHandRing4
BoneIndex: 52
BoneParentIndex: 51
BoneChildrenCount: 0
1.000000 0.000000 -0.000000 0.000000
0.000000 1.000000 -0.000000 0.000000
-0.000000 -0.000000 1.000000 -0.000000
0.000040 0.032665 0.000000 1.000000
1.000000 0.000000 0.000000 0.000000
0.000000 1.000000 0.000000 0.000000
0.000000 0.000000 1.000000 0.000000
0.000000 0.000000 0.000000 1.000000
BoneName: mixamorig:RightHandPinky1
BoneIndex: 53
BoneParentIndex: 36
BoneChildrenCount: 1
54
0.996327 -0.085635 -0.000000 0.000000
0.084821 0.986860 -0.137524 0.000000
0.011777 0.137019 0.990498 -0.000000
-0.040468 0.128011 0.000253 1.000000
0.087571 -0.940727 -0.327665 0.000000
-0.068692 -0.333848 0.940120 0.000000
-0.993787 -0.059819 -0.093856 -0.000000
0.232348 -0.313726 -1.537047 1.000000
BoneName: mixamorig:RightHandPinky2
BoneIndex: 54
BoneParentIndex: 53
BoneChildrenCount: 1
55
1.000000 0.000000 -0.000000 0.000000
0.000000 0.936230 -0.351388 0.000000
-0.000000 0.351388 0.936230 -0.000000
-0.000404 0.028603 0.000000 1.000000
0.087571 -0.765599 -0.637330 0.000000
-0.068692 -0.642906 0.762859 0.000000
-0.993787 -0.023025 -0.108890 -0.000000
0.232751 0.219602 -1.559319 1.000000
BoneName: mixamorig:RightHandPinky3
BoneIndex: 55
BoneParentIndex: 54
BoneChildrenCount: 1
56
1.000000 0.000000 -0.000000 0.000000
0.000000 0.982119 0.188259 0.000000
-0.000000 -0.188259 0.982119 -0.000000
0.000353 0.024997 -0.000000 1.000000
0.087571 -0.871894 -0.481801 0.000000
-0.068692 -0.487794 0.870252 0.000000
-0.993787 -0.043113 -0.102609 -0.000000
0.232399 -0.102433 -1.568074 1.000000
BoneName: mixamorig:RightHandPinky4
BoneIndex: 56
BoneParentIndex: 55
BoneChildrenCount: 0
1.000000 0.000000 -0.000000 0.000000
0.000000 1.000000 -0.000000 0.000000
-0.000000 -0.000000 1.000000 -0.000000
0.000051 0.023598 0.000000 1.000000
1.000000 0.000000 0.000000 0.000000
0.000000 1.000000 0.000000 0.000000
0.000000 0.000000 1.000000 0.000000
0.000000 0.000000 0.000000 1.000000
BoneName: mixamorig:LeftUpLeg
BoneIndex: 57
BoneParentIndex: 2
BoneChildrenCount: 1
58
-0.995170 -0.097908 0.007089 0.000000
0.098165 -0.992572 0.071864 0.000000
0.000000 0.072212 0.997389 -0.000000
0.088779 -0.056737 0.013523 1.000000
-0.995170 0.098165 0.000000 0.000000
-0.097909 -0.992572 0.072212 0.000000
0.007089 0.071864 0.997389 -0.000000
0.178301 0.903189 -0.010933 1.000000
BoneName: mixamorig:LeftLeg
BoneIndex: 58
BoneParentIndex: 57
BoneChildrenCount: 1
59
0.997981 -0.063506 -0.000000 0.000000
0.063392 0.996192 0.059864 0.000000
-0.003802 -0.059743 0.998207 -0.000000
0.000000 0.430968 0.000000 1.000000
-0.999395 0.034705 -0.002081 0.000000
-0.034677 -0.990676 0.131754 0.000000
0.002511 0.131747 0.991280 -0.000000
0.147953 0.481072 -0.039804 1.000000
BoneName: mixamorig:LeftFoot
BoneIndex: 59
BoneParentIndex: 58
BoneChildrenCount: 1
60
0.982261 0.000000 -0.187519 0.000000
-0.174042 0.372257 -0.911665 0.000000
0.069805 0.928130 0.365654 -0.000000
-0.000000 0.380765 0.000000 1.000000
-0.981277 0.188754 -0.038313 0.000000
-0.058768 -0.482867 -0.873719 0.000000
-0.183418 -0.855109 0.484919 -0.000000
0.152792 0.047878 0.088871 1.000000
BoneName: mixamorig:LeftToeBase
BoneIndex: 60
BoneParentIndex: 59
BoneChildrenCount: 1
61
0.997493 0.000000 0.070769 0.000000
0.035081 0.868483 -0.494476 0.000000
-0.061461 0.495719 0.866306 -0.000000
-0.000000 0.195568 0.000000 1.000000
-0.981528 0.148450 0.120688 0.000000
-0.120453 0.010610 -0.992662 0.000000
-0.148641 -0.988863 0.007468 -0.000000
0.158698 -0.166851 -0.005614 1.000000
BoneName: mixamorig:LeftToe_End
BoneIndex: 61
BoneParentIndex: 60
BoneChildrenCount: 0
1.000000 0.000000 -0.000000 0.000000
0.000000 1.000000 -0.000000 0.000000
-0.000000 -0.000000 1.000000 -0.000000
-0.000000 0.085751 -0.000000 1.000000
1.000000 0.000000 0.000000 0.000000
0.000000 1.000000 0.000000 0.000000
0.000000 0.000000 1.000000 0.000000
0.000000 0.000000 0.000000 1.000000
BoneName: mixamorig:RightUpLeg
BoneIndex: 62
BoneParentIndex: 2
BoneChildrenCount: 1
63
-0.995176 0.097788 -0.007876 0.000000
-0.098105 -0.991963 0.079899 0.000000
0.000000 0.080287 0.996772 -0.000000
-0.088779 -0.056737 0.011928 1.000000
-0.995176 -0.098105 0.000000 0.000000
0.097788 -0.991963 0.080287 0.000000
-0.007876 0.079899 0.996772 -0.000000
-0.178248 0.903209 -0.016764 1.000000
BoneName: mixamorig:RightLeg
BoneIndex: 63
BoneParentIndex: 62
BoneChildrenCount: 1
64
0.997984 0.063460 -0.000000 0.000000
-0.063377 0.996669 0.051320 0.000000
0.003257 -0.051216 0.998682 -0.000000
0.000000 0.431232 -0.000000 1.000000
-0.999396 -0.034707 0.001783 0.000000
0.034640 -0.990737 0.131304 0.000000
-0.002790 0.131286 0.991341 -0.000000
-0.147936 0.480842 -0.041495 1.000000
BoneName: mixamorig:RightFoot
BoneIndex: 64
BoneParentIndex: 63
BoneChildrenCount: 1
65
0.983037 -0.000000 0.183408 0.000000
0.170944 0.362349 -0.916232 0.000000
-0.066458 0.932043 0.356202 -0.000000
0.000000 0.380744 -0.000000 1.000000
-0.982116 -0.185051 0.034705 0.000000
0.058135 -0.473376 -0.878940 0.000000
0.179077 -0.861204 0.475668 -0.000000
-0.153038 0.049001 0.088347 1.000000
BoneName: mixamorig:RightToeBase
BoneIndex: 65
BoneParentIndex: 64
BoneChildrenCount: 1
66
0.998161 -0.000000 -0.060622 0.000000
-0.029450 0.874065 -0.484915 0.000000
0.052987 0.485809 0.872458 -0.000000
0.000000 0.199477 -0.000000 1.000000
-0.982414 -0.149651 -0.111660 0.000000
0.111310 0.010738 -0.993728 0.000000
0.149911 -0.988681 0.006109 -0.000000
-0.158112 -0.169860 -0.004133 1.000000
BoneName: mixamorig:RightToe_End
BoneIndex: 66
BoneParentIndex: 65
BoneChildrenCount: 0
1.000000 0.000000 -0.000000 0.000000
0.000000 1.000000 -0.000000 0.000000
-0.000000 -0.000000 1.000000 -0.000000
-0.000000 0.085061 -0.000000 1.000000
1.000000 0.000000 0.000000 0.000000
0.000000 1.000000 0.000000 0.000000
0.000000 0.000000 1.000000 0.000000
0.000000 0.000000 0.000000 1.000000
